461 
7376 3688
8 16
1 0 1 0 0 0 1 0 1 0 1 0 1 0 0 0 0 0 0 0 0 0 0 0 0 0 0 0 0 0 0 0 
0 0 0 0 1 2 1 3 0 0 1 5 1 6 1 7 1 8 0 0 0 0 0 0 0 0 0 0 0 0 0 0 
0 0 0 0 0 0 0 0 1 8 1 10 0 0 1 14 1 16 1 18 1 20 0 0 0 0 0 0 0 0 0 0 
0 0 0 0 0 0 0 0 0 0 0 0 1 18 1 21 0 0 1 27 1 30 1 33 1 36 0 0 0 0 0 0 
0 0 0 0 0 0 0 0 0 0 0 0 0 0 0 0 1 32 1 36 0 0 1 44 1 48 1 52 1 56 0 0 
1 0 0 0 0 0 0 0 0 0 0 0 0 0 0 0 0 0 0 0 1 50 1 55 0 0 1 65 1 70 1 75
1 0 1 6 1 12 0 0 0 0 0 0 0 0 0 0 0 0 0 0 0 0 0 0 1 72 1 78 0 0 1 90
0 0 1 7 1 14 1 21 1 28 0 0 0 0 0 0 0 0 0 0 0 0 0 0 0 0 0 0 1 98 1 105
