1024 512 
3 6 
254 358 465 
255 359 466 
256 360 467 
129 361 468 
130 362 469 
131 363 470 
132 364 471 
133 365 472 
134 366 473 
135 367 474 
136 368 475 
137 369 476 
138 370 477 
139 371 478 
140 372 479 
141 373 480 
142 374 481 
143 375 482 
144 376 483 
145 377 484 
146 378 485 
147 379 486 
148 380 487 
149 381 488 
150 382 489 
151 383 490 
152 384 491 
153 257 492 
154 258 493 
155 259 494 
156 260 495 
157 261 496 
158 262 497 
159 263 498 
160 264 499 
161 265 500 
162 266 501 
163 267 502 
164 268 503 
165 269 504 
166 270 505 
167 271 506 
168 272 507 
169 273 508 
170 274 509 
171 275 510 
172 276 511 
173 277 512 
174 278 385 
175 279 386 
176 280 387 
177 281 388 
178 282 389 
179 283 390 
180 284 391 
181 285 392 
182 286 393 
183 287 394 
184 288 395 
185 289 396 
186 290 397 
187 291 398 
188 292 399 
189 293 400 
190 294 401 
191 295 402 
192 296 403 
193 297 404 
194 298 405 
195 299 406 
196 300 407 
197 301 408 
198 302 409 
199 303 410 
200 304 411 
201 305 412 
202 306 413 
203 307 414 
204 308 415 
205 309 416 
206 310 417 
207 311 418 
208 312 419 
209 313 420 
210 314 421 
211 315 422 
212 316 423 
213 317 424 
214 318 425 
215 319 426 
216 320 427 
217 321 428 
218 322 429 
219 323 430 
220 324 431 
221 325 432 
222 326 433 
223 327 434 
224 328 435 
225 329 436 
226 330 437 
227 331 438 
228 332 439 
229 333 440 
230 334 441 
231 335 442 
232 336 443 
233 337 444 
234 338 445 
235 339 446 
236 340 447 
237 341 448 
238 342 449 
239 343 450 
240 344 451 
241 345 452 
242 346 453 
243 347 454 
244 348 455 
245 349 456 
246 350 457 
247 351 458 
248 352 459 
249 353 460 
250 354 461 
251 355 462 
252 356 463 
253 357 464 
238 357 457 
239 358 458 
240 359 459 
241 360 460 
242 361 461 
243 362 462 
244 363 463 
245 364 464 
246 365 465 
247 366 466 
248 367 467 
249 368 468 
250 369 469 
251 370 470 
252 371 471 
253 372 472 
254 373 473 
255 374 474 
256 375 475 
129 376 476 
130 377 477 
131 378 478 
132 379 479 
133 380 480 
134 381 481 
135 382 482 
136 383 483 
137 384 484 
138 257 485 
139 258 486 
140 259 487 
141 260 488 
142 261 489 
143 262 490 
144 263 491 
145 264 492 
146 265 493 
147 266 494 
148 267 495 
149 268 496 
150 269 497 
151 270 498 
152 271 499 
153 272 500 
154 273 501 
155 274 502 
156 275 503 
157 276 504 
158 277 505 
159 278 506 
160 279 507 
161 280 508 
162 281 509 
163 282 510 
164 283 511 
165 284 512 
166 285 385 
167 286 386 
168 287 387 
169 288 388 
170 289 389 
171 290 390 
172 291 391 
173 292 392 
174 293 393 
175 294 394 
176 295 395 
177 296 396 
178 297 397 
179 298 398 
180 299 399 
181 300 400 
182 301 401 
183 302 402 
184 303 403 
185 304 404 
186 305 405 
187 306 406 
188 307 407 
189 308 408 
190 309 409 
191 310 410 
192 311 411 
193 312 412 
194 313 413 
195 314 414 
196 315 415 
197 316 416 
198 317 417 
199 318 418 
200 319 419 
201 320 420 
202 321 421 
203 322 422 
204 323 423 
205 324 424 
206 325 425 
207 326 426 
208 327 427 
209 328 428 
210 329 429 
211 330 430 
212 331 431 
213 332 432 
214 333 433 
215 334 434 
216 335 435 
217 336 436 
218 337 437 
219 338 438 
220 339 439 
221 340 440 
222 341 441 
223 342 442 
224 343 443 
225 344 444 
226 345 445 
227 346 446 
228 347 447 
229 348 448 
230 349 449 
231 350 450 
232 351 451 
233 352 452 
234 353 453 
235 354 454 
236 355 455 
237 356 456 
100 339 452 
101 340 453 
102 341 454 
103 342 455 
104 343 456 
105 344 457 
106 345 458 
107 346 459 
108 347 460 
109 348 461 
110 349 462 
111 350 463 
112 351 464 
113 352 465 
114 353 466 
115 354 467 
116 355 468 
117 356 469 
118 357 470 
119 358 471 
120 359 472 
121 360 473 
122 361 474 
123 362 475 
124 363 476 
125 364 477 
126 365 478 
127 366 479 
128 367 480 
1 368 481 
2 369 482 
3 370 483 
4 371 484 
5 372 485 
6 373 486 
7 374 487 
8 375 488 
9 376 489 
10 377 490 
11 378 491 
12 379 492 
13 380 493 
14 381 494 
15 382 495 
16 383 496 
17 384 497 
18 257 498 
19 258 499 
20 259 500 
21 260 501 
22 261 502 
23 262 503 
24 263 504 
25 264 505 
26 265 506 
27 266 507 
28 267 508 
29 268 509 
30 269 510 
31 270 511 
32 271 512 
33 272 385 
34 273 386 
35 274 387 
36 275 388 
37 276 389 
38 277 390 
39 278 391 
40 279 392 
41 280 393 
42 281 394 
43 282 395 
44 283 396 
45 284 397 
46 285 398 
47 286 399 
48 287 400 
49 288 401 
50 289 402 
51 290 403 
52 291 404 
53 292 405 
54 293 406 
55 294 407 
56 295 408 
57 296 409 
58 297 410 
59 298 411 
60 299 412 
61 300 413 
62 301 414 
63 302 415 
64 303 416 
65 304 417 
66 305 418 
67 306 419 
68 307 420 
69 308 421 
70 309 422 
71 310 423 
72 311 424 
73 312 425 
74 313 426 
75 314 427 
76 315 428 
77 316 429 
78 317 430 
79 318 431 
80 319 432 
81 320 433 
82 321 434 
83 322 435 
84 323 436 
85 324 437 
86 325 438 
87 326 439 
88 327 440 
89 328 441 
90 329 442 
91 330 443 
92 331 444 
93 332 445 
94 333 446 
95 334 447 
96 335 448 
97 336 449 
98 337 450 
99 338 451 
99 325 471 
100 326 472 
101 327 473 
102 328 474 
103 329 475 
104 330 476 
105 331 477 
106 332 478 
107 333 479 
108 334 480 
109 335 481 
110 336 482 
111 337 483 
112 338 484 
113 339 485 
114 340 486 
115 341 487 
116 342 488 
117 343 489 
118 344 490 
119 345 491 
120 346 492 
121 347 493 
122 348 494 
123 349 495 
124 350 496 
125 351 497 
126 352 498 
127 353 499 
128 354 500 
1 355 501 
2 356 502 
3 357 503 
4 358 504 
5 359 505 
6 360 506 
7 361 507 
8 362 508 
9 363 509 
10 364 510 
11 365 511 
12 366 512 
13 367 385 
14 368 386 
15 369 387 
16 370 388 
17 371 389 
18 372 390 
19 373 391 
20 374 392 
21 375 393 
22 376 394 
23 377 395 
24 378 396 
25 379 397 
26 380 398 
27 381 399 
28 382 400 
29 383 401 
30 384 402 
31 257 403 
32 258 404 
33 259 405 
34 260 406 
35 261 407 
36 262 408 
37 263 409 
38 264 410 
39 265 411 
40 266 412 
41 267 413 
42 268 414 
43 269 415 
44 270 416 
45 271 417 
46 272 418 
47 273 419 
48 274 420 
49 275 421 
50 276 422 
51 277 423 
52 278 424 
53 279 425 
54 280 426 
55 281 427 
56 282 428 
57 283 429 
58 284 430 
59 285 431 
60 286 432 
61 287 433 
62 288 434 
63 289 435 
64 290 436 
65 291 437 
66 292 438 
67 293 439 
68 294 440 
69 295 441 
70 296 442 
71 297 443 
72 298 444 
73 299 445 
74 300 446 
75 301 447 
76 302 448 
77 303 449 
78 304 450 
79 305 451 
80 306 452 
81 307 453 
82 308 454 
83 309 455 
84 310 456 
85 311 457 
86 312 458 
87 313 459 
88 314 460 
89 315 461 
90 316 462 
91 317 463 
92 318 464 
93 319 465 
94 320 466 
95 321 467 
96 322 468 
97 323 469 
98 324 470 
81 194 511 
82 195 512 
83 196 385 
84 197 386 
85 198 387 
86 199 388 
87 200 389 
88 201 390 
89 202 391 
90 203 392 
91 204 393 
92 205 394 
93 206 395 
94 207 396 
95 208 397 
96 209 398 
97 210 399 
98 211 400 
99 212 401 
100 213 402 
101 214 403 
102 215 404 
103 216 405 
104 217 406 
105 218 407 
106 219 408 
107 220 409 
108 221 410 
109 222 411 
110 223 412 
111 224 413 
112 225 414 
113 226 415 
114 227 416 
115 228 417 
116 229 418 
117 230 419 
118 231 420 
119 232 421 
120 233 422 
121 234 423 
122 235 424 
123 236 425 
124 237 426 
125 238 427 
126 239 428 
127 240 429 
128 241 430 
1 242 431 
2 243 432 
3 244 433 
4 245 434 
5 246 435 
6 247 436 
7 248 437 
8 249 438 
9 250 439 
10 251 440 
11 252 441 
12 253 442 
13 254 443 
14 255 444 
15 256 445 
16 129 446 
17 130 447 
18 131 448 
19 132 449 
20 133 450 
21 134 451 
22 135 452 
23 136 453 
24 137 454 
25 138 455 
26 139 456 
27 140 457 
28 141 458 
29 142 459 
30 143 460 
31 144 461 
32 145 462 
33 146 463 
34 147 464 
35 148 465 
36 149 466 
37 150 467 
38 151 468 
39 152 469 
40 153 470 
41 154 471 
42 155 472 
43 156 473 
44 157 474 
45 158 475 
46 159 476 
47 160 477 
48 161 478 
49 162 479 
50 163 480 
51 164 481 
52 165 482 
53 166 483 
54 167 484 
55 168 485 
56 169 486 
57 170 487 
58 171 488 
59 172 489 
60 173 490 
61 174 491 
62 175 492 
63 176 493 
64 177 494 
65 178 495 
66 179 496 
67 180 497 
68 181 498 
69 182 499 
70 183 500 
71 184 501 
72 185 502 
73 186 503 
74 187 504 
75 188 505 
76 189 506 
77 190 507 
78 191 508 
79 192 509 
80 193 510 
67 213 498 
68 214 499 
69 215 500 
70 216 501 
71 217 502 
72 218 503 
73 219 504 
74 220 505 
75 221 506 
76 222 507 
77 223 508 
78 224 509 
79 225 510 
80 226 511 
81 227 512 
82 228 385 
83 229 386 
84 230 387 
85 231 388 
86 232 389 
87 233 390 
88 234 391 
89 235 392 
90 236 393 
91 237 394 
92 238 395 
93 239 396 
94 240 397 
95 241 398 
96 242 399 
97 243 400 
98 244 401 
99 245 402 
100 246 403 
101 247 404 
102 248 405 
103 249 406 
104 250 407 
105 251 408 
106 252 409 
107 253 410 
108 254 411 
109 255 412 
110 256 413 
111 129 414 
112 130 415 
113 131 416 
114 132 417 
115 133 418 
116 134 419 
117 135 420 
118 136 421 
119 137 422 
120 138 423 
121 139 424 
122 140 425 
123 141 426 
124 142 427 
125 143 428 
126 144 429 
127 145 430 
128 146 431 
1 147 432 
2 148 433 
3 149 434 
4 150 435 
5 151 436 
6 152 437 
7 153 438 
8 154 439 
9 155 440 
10 156 441 
11 157 442 
12 158 443 
13 159 444 
14 160 445 
15 161 446 
16 162 447 
17 163 448 
18 164 449 
19 165 450 
20 166 451 
21 167 452 
22 168 453 
23 169 454 
24 170 455 
25 171 456 
26 172 457 
27 173 458 
28 174 459 
29 175 460 
30 176 461 
31 177 462 
32 178 463 
33 179 464 
34 180 465 
35 181 466 
36 182 467 
37 183 468 
38 184 469 
39 185 470 
40 186 471 
41 187 472 
42 188 473 
43 189 474 
44 190 475 
45 191 476 
46 192 477 
47 193 478 
48 194 479 
49 195 480 
50 196 481 
51 197 482 
52 198 483 
53 199 484 
54 200 485 
55 201 486 
56 202 487 
57 203 488 
58 204 489 
59 205 490 
60 206 491 
61 207 492 
62 208 493 
63 209 494 
64 210 495 
65 211 496 
66 212 497 
101 253 349 
102 254 350 
103 255 351 
104 256 352 
105 129 353 
106 130 354 
107 131 355 
108 132 356 
109 133 357 
110 134 358 
111 135 359 
112 136 360 
113 137 361 
114 138 362 
115 139 363 
116 140 364 
117 141 365 
118 142 366 
119 143 367 
120 144 368 
121 145 369 
122 146 370 
123 147 371 
124 148 372 
125 149 373 
126 150 374 
127 151 375 
128 152 376 
1 153 377 
2 154 378 
3 155 379 
4 156 380 
5 157 381 
6 158 382 
7 159 383 
8 160 384 
9 161 257 
10 162 258 
11 163 259 
12 164 260 
13 165 261 
14 166 262 
15 167 263 
16 168 264 
17 169 265 
18 170 266 
19 171 267 
20 172 268 
21 173 269 
22 174 270 
23 175 271 
24 176 272 
25 177 273 
26 178 274 
27 179 275 
28 180 276 
29 181 277 
30 182 278 
31 183 279 
32 184 280 
33 185 281 
34 186 282 
35 187 283 
36 188 284 
37 189 285 
38 190 286 
39 191 287 
40 192 288 
41 193 289 
42 194 290 
43 195 291 
44 196 292 
45 197 293 
46 198 294 
47 199 295 
48 200 296 
49 201 297 
50 202 298 
51 203 299 
52 204 300 
53 205 301 
54 206 302 
55 207 303 
56 208 304 
57 209 305 
58 210 306 
59 211 307 
60 212 308 
61 213 309 
62 214 310 
63 215 311 
64 216 312 
65 217 313 
66 218 314 
67 219 315 
68 220 316 
69 221 317 
70 222 318 
71 223 319 
72 224 320 
73 225 321 
74 226 322 
75 227 323 
76 228 324 
77 229 325 
78 230 326 
79 231 327 
80 232 328 
81 233 329 
82 234 330 
83 235 331 
84 236 332 
85 237 333 
86 238 334 
87 239 335 
88 240 336 
89 241 337 
90 242 338 
91 243 339 
92 244 340 
93 245 341 
94 246 342 
95 247 343 
96 248 344 
97 249 345 
98 250 346 
99 251 347 
100 252 348 
76 240 380 
77 241 381 
78 242 382 
79 243 383 
80 244 384 
81 245 257 
82 246 258 
83 247 259 
84 248 260 
85 249 261 
86 250 262 
87 251 263 
88 252 264 
89 253 265 
90 254 266 
91 255 267 
92 256 268 
93 129 269 
94 130 270 
95 131 271 
96 132 272 
97 133 273 
98 134 274 
99 135 275 
100 136 276 
101 137 277 
102 138 278 
103 139 279 
104 140 280 
105 141 281 
106 142 282 
107 143 283 
108 144 284 
109 145 285 
110 146 286 
111 147 287 
112 148 288 
113 149 289 
114 150 290 
115 151 291 
116 152 292 
117 153 293 
118 154 294 
119 155 295 
120 156 296 
121 157 297 
122 158 298 
123 159 299 
124 160 300 
125 161 301 
126 162 302 
127 163 303 
128 164 304 
1 165 305 
2 166 306 
3 167 307 
4 168 308 
5 169 309 
6 170 310 
7 171 311 
8 172 312 
9 173 313 
10 174 314 
11 175 315 
12 176 316 
13 177 317 
14 178 318 
15 179 319 
16 180 320 
17 181 321 
18 182 322 
19 183 323 
20 184 324 
21 185 325 
22 186 326 
23 187 327 
24 188 328 
25 189 329 
26 190 330 
27 191 331 
28 192 332 
29 193 333 
30 194 334 
31 195 335 
32 196 336 
33 197 337 
34 198 338 
35 199 339 
36 200 340 
37 201 341 
38 202 342 
39 203 343 
40 204 344 
41 205 345 
42 206 346 
43 207 347 
44 208 348 
45 209 349 
46 210 350 
47 211 351 
48 212 352 
49 213 353 
50 214 354 
51 215 355 
52 216 356 
53 217 357 
54 218 358 
55 219 359 
56 220 360 
57 221 361 
58 222 362 
59 223 363 
60 224 364 
61 225 365 
62 226 366 
63 227 367 
64 228 368 
65 229 369 
66 230 370 
67 231 371 
68 232 372 
69 233 373 
70 234 374 
71 235 375 
72 236 376 
73 237 377 
74 238 378 
75 239 379 
286 415 561 703 797 950 
287 416 562 704 798 951 
288 417 563 705 799 952 
289 418 564 706 800 953 
290 419 565 707 801 954 
291 420 566 708 802 955 
292 421 567 709 803 956 
293 422 568 710 804 957 
294 423 569 711 805 958 
295 424 570 712 806 959 
296 425 571 713 807 960 
297 426 572 714 808 961 
298 427 573 715 809 962 
299 428 574 716 810 963 
300 429 575 717 811 964 
301 430 576 718 812 965 
302 431 577 719 813 966 
303 432 578 720 814 967 
304 433 579 721 815 968 
305 434 580 722 816 969 
306 435 581 723 817 970 
307 436 582 724 818 971 
308 437 583 725 819 972 
309 438 584 726 820 973 
310 439 585 727 821 974 
311 440 586 728 822 975 
312 441 587 729 823 976 
313 442 588 730 824 977 
314 443 589 731 825 978 
315 444 590 732 826 979 
316 445 591 733 827 980 
317 446 592 734 828 981 
318 447 593 735 829 982 
319 448 594 736 830 983 
320 449 595 737 831 984 
321 450 596 738 832 985 
322 451 597 739 833 986 
323 452 598 740 834 987 
324 453 599 741 835 988 
325 454 600 742 836 989 
326 455 601 743 837 990 
327 456 602 744 838 991 
328 457 603 745 839 992 
329 458 604 746 840 993 
330 459 605 747 841 994 
331 460 606 748 842 995 
332 461 607 749 843 996 
333 462 608 750 844 997 
334 463 609 751 845 998 
335 464 610 752 846 999 
336 465 611 753 847 1000 
337 466 612 754 848 1001 
338 467 613 755 849 1002 
339 468 614 756 850 1003 
340 469 615 757 851 1004 
341 470 616 758 852 1005 
342 471 617 759 853 1006 
343 472 618 760 854 1007 
344 473 619 761 855 1008 
345 474 620 762 856 1009 
346 475 621 763 857 1010 
347 476 622 764 858 1011 
348 477 623 765 859 1012 
349 478 624 766 860 1013 
350 479 625 767 861 1014 
351 480 626 768 862 1015 
352 481 627 641 863 1016 
353 482 628 642 864 1017 
354 483 629 643 865 1018 
355 484 630 644 866 1019 
356 485 631 645 867 1020 
357 486 632 646 868 1021 
358 487 633 647 869 1022 
359 488 634 648 870 1023 
360 489 635 649 871 1024 
361 490 636 650 872 897 
362 491 637 651 873 898 
363 492 638 652 874 899 
364 493 639 653 875 900 
365 494 640 654 876 901 
366 495 513 655 877 902 
367 496 514 656 878 903 
368 497 515 657 879 904 
369 498 516 658 880 905 
370 499 517 659 881 906 
371 500 518 660 882 907 
372 501 519 661 883 908 
373 502 520 662 884 909 
374 503 521 663 885 910 
375 504 522 664 886 911 
376 505 523 665 887 912 
377 506 524 666 888 913 
378 507 525 667 889 914 
379 508 526 668 890 915 
380 509 527 669 891 916 
381 510 528 670 892 917 
382 511 529 671 893 918 
383 512 530 672 894 919 
384 385 531 673 895 920 
257 386 532 674 896 921 
258 387 533 675 769 922 
259 388 534 676 770 923 
260 389 535 677 771 924 
261 390 536 678 772 925 
262 391 537 679 773 926 
263 392 538 680 774 927 
264 393 539 681 775 928 
265 394 540 682 776 929 
266 395 541 683 777 930 
267 396 542 684 778 931 
268 397 543 685 779 932 
269 398 544 686 780 933 
270 399 545 687 781 934 
271 400 546 688 782 935 
272 401 547 689 783 936 
273 402 548 690 784 937 
274 403 549 691 785 938 
275 404 550 692 786 939 
276 405 551 693 787 940 
277 406 552 694 788 941 
278 407 553 695 789 942 
279 408 554 696 790 943 
280 409 555 697 791 944 
281 410 556 698 792 945 
282 411 557 699 793 946 
283 412 558 700 794 947 
284 413 559 701 795 948 
285 414 560 702 796 949 
4 148 576 685 773 914 
5 149 577 686 774 915 
6 150 578 687 775 916 
7 151 579 688 776 917 
8 152 580 689 777 918 
9 153 581 690 778 919 
10 154 582 691 779 920 
11 155 583 692 780 921 
12 156 584 693 781 922 
13 157 585 694 782 923 
14 158 586 695 783 924 
15 159 587 696 784 925 
16 160 588 697 785 926 
17 161 589 698 786 927 
18 162 590 699 787 928 
19 163 591 700 788 929 
20 164 592 701 789 930 
21 165 593 702 790 931 
22 166 594 703 791 932 
23 167 595 704 792 933 
24 168 596 705 793 934 
25 169 597 706 794 935 
26 170 598 707 795 936 
27 171 599 708 796 937 
28 172 600 709 797 938 
29 173 601 710 798 939 
30 174 602 711 799 940 
31 175 603 712 800 941 
32 176 604 713 801 942 
33 177 605 714 802 943 
34 178 606 715 803 944 
35 179 607 716 804 945 
36 180 608 717 805 946 
37 181 609 718 806 947 
38 182 610 719 807 948 
39 183 611 720 808 949 
40 184 612 721 809 950 
41 185 613 722 810 951 
42 186 614 723 811 952 
43 187 615 724 812 953 
44 188 616 725 813 954 
45 189 617 726 814 955 
46 190 618 727 815 956 
47 191 619 728 816 957 
48 192 620 729 817 958 
49 193 621 730 818 959 
50 194 622 731 819 960 
51 195 623 732 820 961 
52 196 624 733 821 962 
53 197 625 734 822 963 
54 198 626 735 823 964 
55 199 627 736 824 965 
56 200 628 737 825 966 
57 201 629 738 826 967 
58 202 630 739 827 968 
59 203 631 740 828 969 
60 204 632 741 829 970 
61 205 633 742 830 971 
62 206 634 743 831 972 
63 207 635 744 832 973 
64 208 636 745 833 974 
65 209 637 746 834 975 
66 210 638 747 835 976 
67 211 639 748 836 977 
68 212 640 749 837 978 
69 213 513 750 838 979 
70 214 514 751 839 980 
71 215 515 752 840 981 
72 216 516 753 841 982 
73 217 517 754 842 983 
74 218 518 755 843 984 
75 219 519 756 844 985 
76 220 520 757 845 986 
77 221 521 758 846 987 
78 222 522 759 847 988 
79 223 523 760 848 989 
80 224 524 761 849 990 
81 225 525 762 850 991 
82 226 526 763 851 992 
83 227 527 764 852 993 
84 228 528 765 853 994 
85 229 529 766 854 995 
86 230 530 767 855 996 
87 231 531 768 856 997 
88 232 532 641 857 998 
89 233 533 642 858 999 
90 234 534 643 859 1000 
91 235 535 644 860 1001 
92 236 536 645 861 1002 
93 237 537 646 862 1003 
94 238 538 647 863 1004 
95 239 539 648 864 1005 
96 240 540 649 865 1006 
97 241 541 650 866 1007 
98 242 542 651 867 1008 
99 243 543 652 868 1009 
100 244 544 653 869 1010 
101 245 545 654 870 1011 
102 246 546 655 871 1012 
103 247 547 656 872 1013 
104 248 548 657 873 1014 
105 249 549 658 874 1015 
106 250 550 659 875 1016 
107 251 551 660 876 1017 
108 252 552 661 877 1018 
109 253 553 662 878 1019 
110 254 554 663 879 1020 
111 255 555 664 880 1021 
112 256 556 665 881 1022 
113 129 557 666 882 1023 
114 130 558 667 883 1024 
115 131 559 668 884 897 
116 132 560 669 885 898 
117 133 561 670 886 899 
118 134 562 671 887 900 
119 135 563 672 888 901 
120 136 564 673 889 902 
121 137 565 674 890 903 
122 138 566 675 891 904 
123 139 567 676 892 905 
124 140 568 677 893 906 
125 141 569 678 894 907 
126 142 570 679 895 908 
127 143 571 680 896 909 
128 144 572 681 769 910 
1 145 573 682 770 911 
2 146 574 683 771 912 
3 147 575 684 772 913 
28 157 303 445 805 902 
29 158 304 446 806 903 
30 159 305 447 807 904 
31 160 306 448 808 905 
32 161 307 449 809 906 
33 162 308 450 810 907 
34 163 309 451 811 908 
35 164 310 452 812 909 
36 165 311 453 813 910 
37 166 312 454 814 911 
38 167 313 455 815 912 
39 168 314 456 816 913 
40 169 315 457 817 914 
41 170 316 458 818 915 
42 171 317 459 819 916 
43 172 318 460 820 917 
44 173 319 461 821 918 
45 174 320 462 822 919 
46 175 321 463 823 920 
47 176 322 464 824 921 
48 177 323 465 825 922 
49 178 324 466 826 923 
50 179 325 467 827 924 
51 180 326 468 828 925 
52 181 327 469 829 926 
53 182 328 470 830 927 
54 183 329 471 831 928 
55 184 330 472 832 929 
56 185 331 473 833 930 
57 186 332 474 834 931 
58 187 333 475 835 932 
59 188 334 476 836 933 
60 189 335 477 837 934 
61 190 336 478 838 935 
62 191 337 479 839 936 
63 192 338 480 840 937 
64 193 339 481 841 938 
65 194 340 482 842 939 
66 195 341 483 843 940 
67 196 342 484 844 941 
68 197 343 485 845 942 
69 198 344 486 846 943 
70 199 345 487 847 944 
71 200 346 488 848 945 
72 201 347 489 849 946 
73 202 348 490 850 947 
74 203 349 491 851 948 
75 204 350 492 852 949 
76 205 351 493 853 950 
77 206 352 494 854 951 
78 207 353 495 855 952 
79 208 354 496 856 953 
80 209 355 497 857 954 
81 210 356 498 858 955 
82 211 357 499 859 956 
83 212 358 500 860 957 
84 213 359 501 861 958 
85 214 360 502 862 959 
86 215 361 503 863 960 
87 216 362 504 864 961 
88 217 363 505 865 962 
89 218 364 506 866 963 
90 219 365 507 867 964 
91 220 366 508 868 965 
92 221 367 509 869 966 
93 222 368 510 870 967 
94 223 369 511 871 968 
95 224 370 512 872 969 
96 225 371 385 873 970 
97 226 372 386 874 971 
98 227 373 387 875 972 
99 228 374 388 876 973 
100 229 375 389 877 974 
101 230 376 390 878 975 
102 231 377 391 879 976 
103 232 378 392 880 977 
104 233 379 393 881 978 
105 234 380 394 882 979 
106 235 381 395 883 980 
107 236 382 396 884 981 
108 237 383 397 885 982 
109 238 384 398 886 983 
110 239 257 399 887 984 
111 240 258 400 888 985 
112 241 259 401 889 986 
113 242 260 402 890 987 
114 243 261 403 891 988 
115 244 262 404 892 989 
116 245 263 405 893 990 
117 246 264 406 894 991 
118 247 265 407 895 992 
119 248 266 408 896 993 
120 249 267 409 769 994 
121 250 268 410 770 995 
122 251 269 411 771 996 
123 252 270 412 772 997 
124 253 271 413 773 998 
125 254 272 414 774 999 
126 255 273 415 775 1000 
127 256 274 416 776 1001 
128 129 275 417 777 1002 
1 130 276 418 778 1003 
2 131 277 419 779 1004 
3 132 278 420 780 1005 
4 133 279 421 781 1006 
5 134 280 422 782 1007 
6 135 281 423 783 1008 
7 136 282 424 784 1009 
8 137 283 425 785 1010 
9 138 284 426 786 1011 
10 139 285 427 787 1012 
11 140 286 428 788 1013 
12 141 287 429 789 1014 
13 142 288 430 790 1015 
14 143 289 431 791 1016 
15 144 290 432 792 1017 
16 145 291 433 793 1018 
17 146 292 434 794 1019 
18 147 293 435 795 1020 
19 148 294 436 796 1021 
20 149 295 437 797 1022 
21 150 296 438 798 1023 
22 151 297 439 799 1024 
23 152 298 440 800 897 
24 153 299 441 801 898 
25 154 300 442 802 899 
26 155 301 443 803 900 
27 156 302 444 804 901 
49 185 318 427 515 656 
50 186 319 428 516 657 
51 187 320 429 517 658 
52 188 321 430 518 659 
53 189 322 431 519 660 
54 190 323 432 520 661 
55 191 324 433 521 662 
56 192 325 434 522 663 
57 193 326 435 523 664 
58 194 327 436 524 665 
59 195 328 437 525 666 
60 196 329 438 526 667 
61 197 330 439 527 668 
62 198 331 440 528 669 
63 199 332 441 529 670 
64 200 333 442 530 671 
65 201 334 443 531 672 
66 202 335 444 532 673 
67 203 336 445 533 674 
68 204 337 446 534 675 
69 205 338 447 535 676 
70 206 339 448 536 677 
71 207 340 449 537 678 
72 208 341 450 538 679 
73 209 342 451 539 680 
74 210 343 452 540 681 
75 211 344 453 541 682 
76 212 345 454 542 683 
77 213 346 455 543 684 
78 214 347 456 544 685 
79 215 348 457 545 686 
80 216 349 458 546 687 
81 217 350 459 547 688 
82 218 351 460 548 689 
83 219 352 461 549 690 
84 220 353 462 550 691 
85 221 354 463 551 692 
86 222 355 464 552 693 
87 223 356 465 553 694 
88 224 357 466 554 695 
89 225 358 467 555 696 
90 226 359 468 556 697 
91 227 360 469 557 698 
92 228 361 470 558 699 
93 229 362 471 559 700 
94 230 363 472 560 701 
95 231 364 473 561 702 
96 232 365 474 562 703 
97 233 366 475 563 704 
98 234 367 476 564 705 
99 235 368 477 565 706 
100 236 369 478 566 707 
101 237 370 479 567 708 
102 238 371 480 568 709 
103 239 372 481 569 710 
104 240 373 482 570 711 
105 241 374 483 571 712 
106 242 375 484 572 713 
107 243 376 485 573 714 
108 244 377 486 574 715 
109 245 378 487 575 716 
110 246 379 488 576 717 
111 247 380 489 577 718 
112 248 381 490 578 719 
113 249 382 491 579 720 
114 250 383 492 580 721 
115 251 384 493 581 722 
116 252 257 494 582 723 
117 253 258 495 583 724 
118 254 259 496 584 725 
119 255 260 497 585 726 
120 256 261 498 586 727 
121 129 262 499 587 728 
122 130 263 500 588 729 
123 131 264 501 589 730 
124 132 265 502 590 731 
125 133 266 503 591 732 
126 134 267 504 592 733 
127 135 268 505 593 734 
128 136 269 506 594 735 
1 137 270 507 595 736 
2 138 271 508 596 737 
3 139 272 509 597 738 
4 140 273 510 598 739 
5 141 274 511 599 740 
6 142 275 512 600 741 
7 143 276 385 601 742 
8 144 277 386 602 743 
9 145 278 387 603 744 
10 146 279 388 604 745 
11 147 280 389 605 746 
12 148 281 390 606 747 
13 149 282 391 607 748 
14 150 283 392 608 749 
15 151 284 393 609 750 
16 152 285 394 610 751 
17 153 286 395 611 752 
18 154 287 396 612 753 
19 155 288 397 613 754 
20 156 289 398 614 755 
21 157 290 399 615 756 
22 158 291 400 616 757 
23 159 292 401 617 758 
24 160 293 402 618 759 
25 161 294 403 619 760 
26 162 295 404 620 761 
27 163 296 405 621 762 
28 164 297 406 622 763 
29 165 298 407 623 764 
30 166 299 408 624 765 
31 167 300 409 625 766 
32 168 301 410 626 767 
33 169 302 411 627 768 
34 170 303 412 628 641 
35 171 304 413 629 642 
36 172 305 414 630 643 
37 173 306 415 631 644 
38 174 307 416 632 645 
39 175 308 417 633 646 
40 176 309 418 634 647 
41 177 310 419 635 648 
42 178 311 420 636 649 
43 179 312 421 637 650 
44 180 313 422 638 651 
45 181 314 423 639 652 
46 182 315 424 640 653 
47 183 316 425 513 654 
48 184 317 426 514 655 
